羽翼-1000|羽翼系列基础款，便宜，但谈不上多有用……|2999|3|0|0|3|1|1.0|1.0
军用级外骨骼|F.S.I.I. 为旧守派军队制造的强化装备|35000|10|25|5|8|30|1.0|1.0
斯拉斯特解码器|霍瓦区黑客制作的便携式解密终端|12000|5|2|45|15|2|1.5|1.2
苍白沙漠防护服|P.A. 与 F.S.I.I. 联合研发，抗辐射极寒|8000|2|10|0|5|10|1.0|1.0
神经反应加速剂|Q.L.M. 实验室废弃药剂，副作用未知|20000|20| -5|10|25|5|1.1|1.0
旧守派通行证|玛诺尔区颁发的临时通行许可，黑市流出|100000|0|0|0|0|0|2.0|1.5
莱尔币矿机密钥|解锁苍白沙漠隐藏矿场的数字钥匙|500000|5|0|30|0|0|1.0|2.0
复古纸质书套装|真正的纸张书籍，带有“书气”，收藏价值高|2000|0|0|0|0|0|1.0|1.0
无人机快递会员|Kestro 专属，无视辐射风暴配送|5000|10|0|5|10|0|1.3|1.0
OPDEX 稳定器碎片|从黑洞边缘采集的神秘能量碎片|80000|25|10|15|10|15|1.5|1.5
